1
1
1
1
1
1
1
2
2
2
2
2
2
2
2
2
2
2
2
2
2
2
6
6
6
6
6
6
6
6
6
6
6
6
6
6
6
6
6
6
6
6
6
6
6
6
6
6
6
6
331
331
331
331
331
331
331
331
331
331
331
331
331
331
331
331
331
331
331
331
331
331
331
331
331
331
331
331
331
331
331
331
331
331
331
331
331
331
331
331
331
331
331
8
8
8
8
8
8
8
8
8
8
8
8
8
8
8
8
8
8
8
8
8
8
8
8
8
8
8
8
8
8
8
8
8
8
8
8
8
8
8
8
8
8
8
8
8
8
8
8
8
8
10
10
10
10
10
10
10
10
10
10
10
10
10
10
10
10
10
10
10
10
11
11
11
11
11
11
11
11
11
11
11
11
11
11
11
11
11
11
11
11
11
11
11
11
11
11
11
11
11
11
11
11
11
11
11
11
11
11
15
15
15
15
15
15
15
15
15
15
15
15
15
15
15
15
15
15
15
15
16
16
16
16
16
16
16
16
16
16
16
16
16
16
16
16
17
17
17
17
17
17
17
17
53
53
53
53
53
53
53
53
53
53
53
53
53
53
53
53
53
53
53
53
54
54
54
54
54
54
54
54
54
54
54
54
54
54
54
54
56
56
56
56
56
56
56
56
56
56
56
56
56
56
56
56
56
56
56
56
56
56
56
56
56
56
56
56
56
56
56
56
56
56
56
56
56
56
56
56
56
56
56
56
56
56
56
56
56
56
57
57
57
57
57
57
57
57
57
57
57
57
57
57
58
58
58
58
58
58
58
58
58
58
58
58
58
58
58
58
58
58
58
58
58
58
59
59
59
59
59
59
60
60
61
61
61
61
61
61
61
61
61
61
61
62
62
62
62
62
62
62
62
62
62
62
62
62
62
62
62
62
62
62
62
62
64
64
64
64
64
64
64
64
64
64
65
65
65
65
65
65
65
65
65
65
65
65
65
65
65
65
65
65
66
66
66
66
66
66
66
66
66
67
67
67
67
67
67
67
67
67
67
67
67
67
67
68
68
68
68
68
68
68
68
68
68
68
68
68
68
68
68
68
69
69
69
69
69
69
69
69
69
69
69
69
69
69
69
69
69
69
69
69
69
69
69
69
69
69
69
69
69
69
69
69
69
69
69
69
69
71
71
72
72
72
72
72
72
72
72
72
72
72
72
72
72
72
72
72
72
72
72
72
72
72
72
72
72
72
72
72
72
72
72
72
72
72
73
73
73
73
74
74
74
74
74
74
74
74
74
74
74
74
74
74
74
74
74
74
75
75
75
75
75
75
75
75
75
75
75
75
75
75
75
75
75
75
75
75
75
75
75
75
75
75
75
75
75
75
75
75
75
75
75
75
75
75
75
75
75
75
75
75
75
75
75
75
75
75
76
76
76
76
76
76
76
76
76
76
76
76
76
76
76
76
76
76
76
76
76
76
76
76
76
76
76
76
76
76
77
77
77
77
77
77
77
78
78
78
78
78
78
78
78
78
78
78
78
79
79
79
79
79
79
79
79
79
79
79
79
79
79
79
79
79
79
79
79
79
79
79
79
79
79
79
79
79
79
81
82
82
83
83
83
83
83
84
84
84
84
84
84
85
85
85
85
85
85
87
87
87
87
88
88
88
88
89
89
89
89
89
89
89
90
90
90
90
90
90
90
90
92
92
92
92
93
95
95
95
95
95
95
96
96
96
96
96
96
96
96
96
96
96
96
96
96
97
97
97
97
97
97
97
97
97
97
97
97
97
97
97
97
97
97
97
97
97
97
97
97
97
98
98
98
98
98
98
98
98
98
98
98
98
98
98
98
583
583
583
583
583
583
583
583
583
583
583
583
583
583
583
583
583
583
583
583
583
583
583
583
583
583
583
583
100
100
100
100
100
100
100
100
100
100
100
100
100
100
100
101
101
101
101
101
101
101
101
101
101
101
102
102
102
102
102
102
102
102
102
102
102
102
102
102
102
103
103
103
103
103
103
103
103
103
103
103
103
103
103
103
106
106
106
106
106
106
106
106
106
106
106
106
106
106
107
107
108
108
108
108
108
108
108
108
108
108
108
108
108
108
108
108
109
109
109
109
109
109
109
109
109
109
109
109
109
109
109
109
113
113
113
113
113
113
113
113
113
113
113
113
113
113
113
113
113
113
113
113
113
113
113
113
113
113
113
113
113
113
113
113
113
113
113
113
113
113
113
113
113
113
113
113
113
113
113
113
113
113
114
114
114
114
114
114
114
114
114
114
114
114
114
114
114
114
114
114
114
114
114
114
114
115
115
115
115
115
115
115
115
115
115
115
115
115
115
115
115
115
115
115
115
115
115
115
118
118
118
118
118
118
118
118
118
118
118
118
118
118
118
118
118
118
118
118
118
118
118
118
118
118
118
118
118
118
118
118
118
118
118
119
119
119
119
119
119
119
119
119
119
120
120
120
120
120
120
120
120
120
120
120
120
120
120
120
120
120
120
120
120
121
121
121
121
121
121
121
121
121
121
121
121
121
121
121
121
121
121
121
121
121
121
121
122
122
122
122
122
122
122
122
122
122
122
122
122
122
122
122
122
122
122
122
122
122
122
123
123
123
124
124
124
124
124
124
124
124
124
124
124
124
124
124
124
124
124
124
124
124
124
124
124
124
124
124
124
124
124
124
124
124
124
124
125
125
125
125
125
125
125
125
125
125
125
125
125
125
125
125
125
125
125
125
126
126
126
126
126
126
126
126
126
126
126
126
126
126
126
126
126
126
126
126
126
127
127
127
127
127
127
127
127
127
127
127
127
127
127
127
127
127
127
127
127
127
127
127
127
127
128
128
128
128
128
128
128
128
130
130
130
130
130
130
130
130
130
130
130
130
130
130
131
131
133
133
133
133
133
133
133
133
133
133
133
133
133
133
133
133
133
133
133
133
133
133
133
134
134
134
134
136
136
136
136
136
136
136
136
136
136
137
137
137
137
137
137
137
137
138
138
139
139
139
139
139
139
139
139
139
141
141
141
141
141
143
143
143
143
143
143
143
143
143
143
144
144
144
144
144
144
144
144
144
144
144
144
144
144
144
144
144
144
144
145
145
145
145
145
146
146
146
146
146
146
146
146
146
146
146
146
146
146
146
146
146
146
146
146
146
146
146
146
146
146
146
146
146
146
146
146
146
146
148
148
149
152
153
153
153
153
153
153
153
153
153
153
153
153
153
153
153
153
153
153
156
156
156
157
158
158
158
158
158
158
158
158
158
158
158
158
159
159
159
159
159
159
159
159
159
159
159
159
161
161
161
161
161
161
161
161
161
161
161
161
161
161
161
161
161
163
163
163
163
163
165
166
166
166
166
166
166
166
166
166
166
166
166
166
166
166
166
166
166
166
166
166
166
166
166
166
166
166
166
166
166
166
166
166
166
166
166
166
166
166
166
166
166
166
166
166
166
166
166
166
166
167
167
167
167
167
167
167
167
167
167
167
167
167
167
167
167
167
167
167
167
167
168
168
181
181
181
181
181
181
181
182
182
182
182
182
182
182
182
182
182
183
185
185
185
185
185
185
185
185
185
185
185
185
185
185
185
188
188
188
188
188
188
188
188
188
188
188
188
191
191
191
191
191
191
191
191
191
191
200
200
200
200
208
208
208
208
208
208
208
211
211
211
211
212
212
213
213
213
213
213
213
213
213
213
213
213
213
213
213
214
214
214
214
214
214
214
214
214
214
214
214
214
214
214
215
215
215
215
215
215
215
215
215
215
215
215
215
215
215
215
215
215
215
215
215
215
215
215
215
215
215
215
215
215
215
215
216
216
216
216
216
216
216
216
216
216
216
216
216
216
216
216
217
217
217
217
217
217
217
217
217
217
217
217
217
217
217
217
217
217
217
217
217
217
217
217
218
218
218
218
218
218
218
218
218
218
218
218
218
218
218
218
218
218
219
219
219
219
219
219
219
219
219
219
219
219
219
219
219
219
219
219
219
219
219
219
219
219
220
220
221
221
221
221
221
221
221
221
221
222
222
222
222
222
222
222
222
222
222
222
222
222
222
222
222
222
222
222
222
222
222
222
222
222
222
222
222
222
222
222
222
222
222
222
222
222
222
222
222
222
222
222
222
222
222
223
224
224
224
224
224
224
224
224
224
224
224
224
224
224
224
224
224
224
225
225
225
225
225
225
225
225
225
225
225
226
226
226
226
226
226
227
227
227
227
227
227
227
227
227
227
227
227
227
227
227
227
227
229
229
229
229
229
229
229
229
229
229
229
229
229
229
229
229
229
230
230
230
230
234
234
234
234
234
234
234
234
234
234
234
235
235
235
235
235
235
235
235
235
235
235
235
235
236
236
236
236
236
236
236
236
236
236
237
237
237
239
239
239
239
239
239
239
239
239
239
239
240
242
244
244
245
247
247
252
252
254
255
255
256
256
256
257
258
258
258
258
259
260
260
262
263
264
265
268
268
268
269
269
269
269
269
269
269
269
269
269
270
270
270
271
272
273
275
275
275
275
278
278
278
279
279
279
279
279
279
279
279
279
279
279
279
279
279
279
279
279
279
279
280
281
281
283
283
283
283
283
283
283
283
283
283
283
283
283
283
283
283
283
283
283
283
283
283
283
283
283
283
283
283
283
285
285
285
285
285
285
285
285
285
285
285
285
285
285
285
285
285
285
285
285
285
285
292
292
292
292
292
292
294
294
294
294
294
294
294
294
294
295
295
295
295
295
295
295
295
295
295
295
295
295
295
295
295
295
295
295
295
295
295
295
295
295
295
295
295
295
295
295
295
295
295
295
295
295
301
301
301
301
301
308
308
308
308
308
308
308
308
308
308
308
309
309
309
309
309
753
753
753
447
448
448
154
154
154
154
154
154
154
154
154
154
608
608
608
608
608
608
608
608
608
608
608
608
608
608
608
608
608
608
608
608
608
608
608
608
608
608
608
608
608
608
608
608
608
649
649
649
649
649
649
649
649
649
649
649
649
649
649
649
649
649
649
649
649
649
649
649
649
649
649
649
649
649
446
446
446
446
446
446
758
758
360
360
360
360
360
360
360
360
360
324
324
324
324
324
324
324
324
355
355
355
355
355
355
355
355
355
355
355
314
314
314
314
314
314
314
315
315
315
315
353
353
353
353
353
353
353
353
353
353
353
353
353
353
353
353
323
323
323
425
425
425
425
425
425
425
425
425
425
425
425
425
425
404
404
404
404
404
404
404
404
404
404
404
404
404
404
404
404
404
404
404
404
409
409
409
409
409
409
409
409
409
409
409
409
409
416
416
416
416
416
416
416
416
416
416
416
405
405
405
405
405
405
405
405
366
366
366
366
366
366
366
366
366
366
366
366
366
366
369
369
369
369
369
369
369
369
369
369
369
369
369
369
369
369
369
369
369
369
369
369
421
421
421
421
421
421
421
421
421
421
421
421
421
421
421
421
421
421
421
421
421
421
421
421
421
419
419
419
419
419
419
419
419
419
419
419
419
419
419
419
419
419
419
419
419
419
419
424
424
424
424
411
411
411
411
411
411
411
411
411
414
414
414
414
414
414
414
414
414
412
412
412
412
412
412
418
418
418
418
467
467
467
467
467
467
467
467
467
467
467
467
467
467
467
467
467
467
467
467
467
467
467
467
467
467
467
467
467
467
467
467
467
467
467
467
467
467
467
467
467
470
470
470
470
470
470
470
470
470
470
470
470
470
470
472
472
472
472
472
472
472
472
472
472
472
472
472
472
472
472
472
472
472
472
475
475
475
475
475
475
475
475
475
475
475
475
475
475
475
475
475
475
473
473
473
473
473
473
473
473
473
473
473
473
473
473
473
473
473
473
473
471
471
471
471
471
471
471
471
471
471
471
471
471
471
471
471
471
471
469
469
469
469
469
469
469
469
469
469
469
469
469
469
469
469
469
469
469
469
469
469
469
329
329
329
329
329
329
329
329
329
329
329
329
329
329
329
329
329
329
329
495
495
495
495
495
495
495
495
495
495
495
495
495
495
495
495
495
495
495
495
495
495
495
495
495
495
495
495
495
495
495
495
495
495
495
495
495
495
495
495
495
495
495
495
495
495
495
495
495
495
453
511
511
511
511
511
511
511
511
511
511
511
511
511
511
511
511
511
511
511
511
511
511
511
511
511
511
511
511
511
511
511
511
511
511
511
511
511
511
511
511
511
511
511
511
511
511
517
517
517
517
517
517
517
517
517
517
517
517
517
517
517
517
517
517
517
517
517
517
517
517
517
517
517
517
429
429
429
429
429
429
429
429
524
524
524
524
524
524
524
524
524
524
524
524
524
358
358
358
358
358
358
358
358
358
358
358
358
358
358
358
358
358
357
357
357
357
357
357
357
357
357
357
357
357
357
357
357
357
357
357
357
357
357
357
357
357
357
357
357
357
357
357
357
357
357
357
357
357
357
357
357
357
357
357
357
357
357
357
357
357
357
357
422
422
422
422
422
422
422
422
422
422
422
422
422
422
422
422
422
422
422
422
330
361
344
327
327
328
328
313
362
441
441
441
441
441
441
441
441
441
441
516
516
516
516
516
516
516
516
516
516
516
516
518
518
518
518
518
518
518
518
518
518
518
518
518
518
518
518
518
518
518
518
518
518
518
518
518
518
518
518
518
518
518
518
518
518
518
518
518
518
518
518
518
518
518
518
518
518
518
518
518
518
444
444
444
444
444
444
444
444
444
444
436
436
436
436
436
436
436
436
436
436
438
438
438
438
438
438
438
438
438
431
431
431
431
431
431
431
431
431
400
400
400
400
400
400
434
434
434
434
434
434
434
434
443
443
443
443
443
443
443
312
312
312
312
312
312
312
312
312
312
312
312
312
312
312
312
312
312
312
312
312
312
312
312
312
312
312
312
430
430
430
430
430
430
430
430
430
430
435
435
435
435
435
435
435
435
439
439
439
439
439
439
439
439
439
439
437
437
437
437
437
437
437
437
437
440
440
440
440
440
440
440
440
440
440
494
494
494
494
494
494
494
494
494
494
494
494
494
494
494
494
494
494
494
494
494
494
494
494
494
494
494
494
494
494
494
494
494
494
494
494
494
494
494
494
494
494
494
535
535
535
535
535
535
535
535
535
535
535
535
535
535
535
535
535
337
337
337
337
337
337
343
343
343
343
343
343
343
343
343
343
343
343
343
338
338
338
338
341
341
363
363
363
363
363
363
363
367
367
463
463
463
463
463
463
463
463
463
463
463
462
462
462
462
462
462
462
462
462
462
462
462
462
464
464
464
464
464
464
464
464
464
464
464
464
464
464
464
460
460
460
460
460
460
460
460
460
460
460
460
461
461
461
461
461
461
461
461
461
461
461
461
461
465
465
465
465
465
465
465
465
465
465
465
465
465
493
322
322
322
322
316
316
318
318
318
318
318
320
320
320
320
352
319
319
319
319
319
319
319
319
321
321
321
321
321
321
321
321
321
325
325
325
325
326
326
326
326
326
354
354
354
354
354
350
350
350
350
350
350
350
349
349
349
349
349
349
349
349
349
349
349
349
351
351
351
351
86
86
86
86
86
86
86
86
86
86
582
582
582
582
582
582
582
582
582
582
582
582
582
582
582
582
582
582
582
505
505
505
505
505
505
505
505
505
505
505
505
501
501
501
501
501
501
342
342
342
342
342
342
342
342
342
342
490
490
490
490
490
490
489
489
489
489
489
488
488
488
488
488
544
544
544
544
544
543
543
543
543
543
546
546
546
546
546
542
542
542
542
542
550
550
550
550
550
545
545
545
545
545
549
549
549
549
549
541
541
541
541
548
548
548
548
539
539
539
539
492
492
492
492
492
492
492
492
492
492
492
492
492
492
492
492
492
492
492
492
492
492
492
492
492
492
492
492
492
492
492
492
492
540
540
540
540
540
540
547
547
547
547
547
538
538
450
450
450
450
450
450
450
450
474
474
474
474
474
474
474
474
339
339
339
339
339
339
339
339
454
454
454
454
454
454
454
336
336
336
336
336
336
359
359
359
359
359
359
359
359
356
356
356
356
356
356
356
356
340
340
340
340
340
340
340
340
449
449
449
449
449
449
449
449
449
449
449
449
449
449
449
449
449
449
449
449
449
449
449
449
449
449
449
449
449
449
449
449
449
449
449
365
365
365
522
522
522
522
522
522
522
522
370
370
370
370
370
370
370
370
370
370
370
370
370
370
370
370
370
370
370
370
370
370
370
370
370
370
523
523
523
523
523
523
523
523
523
523
523
523
523
586
586
586
586
586
586
586
586
586
586
586
586
586
586
586
586
586
586
586
513
311
311
311
311
311
311
311
311
311
311
311
311
311
311
311
311
311
311
311
311
311
311
311
311
311
311
537
537
537
537
537
537
537
537
537
557
557
557
557
557
557
557
557
557
557
477
477
477
477
477
477
477
477
477
496
496
496
496
496
496
496
415
415
415
415
415
415
415
415
555
555
555
555
555
555
372
372
372
372
372
372
553
553
553
553
553
553
553
553
553
553
558
558
558
558
558
558
558
558
558
554
554
554
554
554
554
554
402
402
402
402
402
402
402
798
798
798
798
798
798
798
804
804
804
804
804
804
804
804
804
804
804
804
804
804
804
804
804
804
804
805
805
805
805
805
801
801
801
801
801
801
801
801
801
801
801
801
800
800
800
800
800
800
800
800
800
800
806
806
806
806
806
806
806
806
806
806
807
807
807
807
807
807
807
807
807
807
807
807
807
807
807
807
807
807
807
807
807
807
807
807
807
807
807
807
807
807
807
807
807
807
807
807
807
807
807
807
807
807
807
807
807
807
807
807
807
807
796
796
796
796
796
796
796
796
796
796
796
796
796
796
796
796
796
791
791
791
791
791
791
791
791
791
791
791
791
791
791
791
791
790
790
790
790
790
790
790
790
790
790
790
790
790
790
790
790
790
790
597
597
597
597
597
597
597
597
597
597
597
597
597
597
597
597
597
597
597
597
597
597
597
597
597
597
597
597
597
597
597
597
597
597
597
597
597
597
597
597
597
597
597
573
573
573
573
573
573
573
573
573
573
573
573
573
573
573
573
573
573
573
573
573
573
573
573
578
578
578
578
578
578
578
578
578
578
578
578
578
578
578
578
569
569
569
569
569
569
569
569
569
569
569
569
569
569
569
569
569
569
569
569
569
569
569
569
569
569
569
569
569
569
569
569
569
569
569
569
569
569
569
569
569
569
569
569
569
569
569
569
569
569
571
571
571
571
571
571
571
571
571
571
571
571
571
571
571
571
571
571
571
571
571
571
571
571
571
571
571
571
571
571
571
571
571
571
571
571
571
571
571
571
571
571
571
571
571
571
571
571
571
571
575
575
575
575
575
575
575
575
575
575
575
575
575
575
575
575
575
575
575
575
575
575
575
575
575
575
575
575
575
575
575
575
575
575
575
579
579
579
579
579
579
579
579
579
579
599
631
631
631
631
631
631
631
631
631
631
631
631
631
631
631
631
631
631
631
631
631
631
631
631
631
631
568
568
568
568
568
568
568
568
568
568
568
568
568
568
568
568
568
568
568
568
568
568
568
568
568
568
568
568
568
568
568
568
568
568
568
568
568
568
568
568
568
568
568
568
568
568
568
568
568
568
581
581
581
581
581
581
581
581
581
581
581
581
566
761
761
761
761
761
761
761
761
762
762
762
762
762
762
762
762
762
762
762
762
762
762
762
762
762
762
762
762
762
762
762
764
764
764
764
764
764
766
768
768
768
768
768
768
768
771
771
771
771
771
771
771
771
771
771
769
769
769
769
769
769
769
769
769
769
769
769
769
769
769
769
769
769
769
769
769
769
769
769
769
773
773
776
776
776
776
778
779
779
779
779
779
779
779
779
779
780
780
781
781
781
605
605
605
605
605
605
605
605
605
605
605
605
605
605
605
605
605
605
605
605
605
610
610
610
610
610
610
610
610
610
610
610
610
610
610
610
610
610
610
610
610
610
1001
1001
1001
1001
1001
1001
1001
1001
1001
1001
1001
1001
1001
1001
1001
1001
1001
1001
1001
1001
1001
1002
1002
1002
1002
1002
1002
1003
1003
1003
1003
1003
1003
1003
1003
1003
1003
1003
1003
1003
1003
1003
1003
1003
1003
1004
1004
1004
1004
1004
1004
1004
1004
1004
1005
1005
1005
1005
1005
1005
1005
1005
1005
1005
1006
1006
1006
1006
1006
1006
1006
1006
1006
1007
1007
1007
1007
1007
1007
1007
1007
1007
1007
1007
1007
1007
1007
1007
1007
1007
1007
1007
1007
1007
1007
1007
1008
1008
1008
1008
1008
1008
1008
1008
1008
1008
1008
1008
1008
1008
1008
1008
1008
1008
1008
1008
1008
1008
1008
1008
1008
1008
1008
1008
1008
1008
1015
1015
1015
1015
1015
1015
1015
1015
1015
1015
1015
1015
1020
1020
1020
1020
1020
1020
1020
1020
1020
1020
1020
1018
1018
1018
1018
1018
1018
1018
1018
1018
1018
1018
1018
1018
1018
1018
1018
1013
1013
1013
1013
1013
1013
1013
1013
1013
1013
1013
1013
1013
1021
1021
1021
1014
1014
1014
1014
1014
1014
1014
1014
1014
1014
1014
1014
1014
1014
1014
1019
1019
1019
1019
1019
1019
1019
1019
1012
1012
1012
1012
1012
1012
1012
1012
1017
1017
1017
1017
1017
1017
1017
1017
1017
1017
1017
1017
1011
1011
1011
1011
1011
1011
1011
1011
1011
1011
1011
1011
1011
1011
1011
1016
1016
1016
1016
1016
1016
1016
1016
1010
1010
1010
1010
1010
1010
1010
1010
1010
1010
1010
1010
1010
1010
1010
1010
1010
1010
1010
1010
1010
1010
1010
1010
1010
1010
1010
1010
1010
1010
1010
1010
1010
1010
1010
1010
1010
1010
1010
1010
1010
1010
1010
1010
1010
1010
1010
1010
1010
1010
